Script started on 2026-09-16 11:30:23+08:00 [COMMAND="python3 /tmp/a1-screenshot-runner.py 06a-vmstat-mpstat" TERM="xterm-256color" TTY="/dev/pts/2" COLUMNS="140" LINES="48"]
A1 2026 | 06a-vmstat-mpstat

$ vmstat 1 2
procs -----------memory---------- ---swap-- -----io---- -system-- -------cpu-------
 r  b   swpd   free   buff  cache   si   so    bi    bo   in   cs us sy id wa st gu
 3  0      0 13613344   2848 770752    0    0   807   301 1115    0  0  0 99  0  0  0
 0  0      0 13587596   2860 776528    0    0   416   104 1862 2534  1  1 98  0  0  0
[exit 0]

$ bash -c 'mpstat -P ALL 1 1 | sed -n '"'"'1,27p'"'"''
Linux 6.18.33.2-microsoft-standard-WSL2 (LAPTOP-KI0GT6AJ) 	09/16/26 	_x86_64_	(22 CPU)

11:30:24     CPU    %usr   %nice    %sys %iowait    %irq   %soft  %steal  %guest  %gnice   %idle
11:30:25     all    0.45    0.00    0.18    0.00    0.00    0.14    0.00    0.00    0.00   99.23
11:30:25       0    0.00    0.00    0.00    0.00    0.00    1.00    0.00    0.00    0.00   99.00
11:30:25       1    0.00    0.00    0.00    0.00    0.00    0.00    0.00    0.00    0.00  100.00
11:30:25       2    0.00    0.00    0.00    0.00    0.00    0.00    0.00    0.00    0.00  100.00
11:30:25       3    0.00    0.00    0.00    0.00    0.00    0.00    0.00    0.00    0.00  100.00
11:30:25       4    0.97    0.00    0.97    0.00    0.00    1.94    0.00    0.00    0.00   96.12
11:30:25       5    0.00    0.00    0.00    0.00    0.00    0.00    0.00    0.00    0.00  100.00
11:30:25       6    0.00    0.00    0.00    0.00    0.00    0.00    0.00    0.00    0.00  100.00
11:30:25       7    0.00    0.00    0.00    0.00    0.00    0.00    0.00    0.00    0.00  100.00
11:30:25       8    1.00    0.00    1.00    0.00    0.00    0.00    0.00    0.00    0.00   98.00
11:30:25       9    1.00    0.00    0.00    0.00    0.00    0.00    0.00    0.00    0.00   99.00
11:30:25      10    0.00    0.00    0.99    0.00    0.00    0.00    0.00    0.00    0.00   99.01
11:30:25      11    0.00    0.00    0.00    0.00    0.00    0.00    0.00    0.00    0.00  100.00
11:30:25      12    0.00    0.00    0.00    0.00    0.00    0.00    0.00    0.00    0.00  100.00
11:30:25      13    0.00    0.00    0.00    0.00    0.00    0.00    0.00    0.00    0.00  100.00
11:30:25      14    5.05    0.00    0.00    0.00    0.00    0.00    0.00    0.00    0.00   94.95
11:30:25      15    0.00    0.00    0.00    0.00    0.00    0.00    0.00    0.00    0.00  100.00
11:30:25      16    1.00    0.00    0.00    0.00    0.00    0.00    0.00    0.00    0.00   99.00
11:30:25      17    0.00    0.00    0.00    0.00    0.00    0.00    0.00    0.00    0.00  100.00
11:30:25      18    0.00    0.00    0.00    0.00    0.00    0.00    0.00    0.00    0.00  100.00
11:30:25      19    1.00    0.00    0.00    0.00    0.00    0.00    0.00    0.00    0.00   99.00
11:30:25      20    0.00    0.00    1.00    0.00    0.00    0.00    0.00    0.00    0.00   99.00
11:30:25      21    0.00    0.00    0.00    0.00    0.00    0.00    0.00    0.00    0.00  100.00

[exit 0]

Script done on 2026-09-16 11:30:27+08:00 [COMMAND_EXIT_CODE="0"]
