Linux 6.18.33.2-microsoft-standard-WSL2 (LAPTOP-KI0GT6AJ) 	09/16/26 	_x86_64_	(22 CPU)

10:16:10     CPU    %usr   %nice    %sys %iowait    %irq   %soft  %steal  %guest  %gnice   %idle
10:16:11     all    0.18    0.00    0.23    0.00    0.00    0.05    0.00    0.00    0.00   99.54
10:16:11       0    0.00    0.00    0.00    0.00    0.00    0.00    0.00    0.00    0.00  100.00
10:16:11       1    0.00    0.00    0.00    0.00    0.00    0.99    0.00    0.00    0.00   99.01
10:16:11       2    0.00    0.00    0.00    0.00    0.00    0.00    0.00    0.00    0.00  100.00
10:16:11       3    0.00    0.00    0.00    0.00    0.00    0.00    0.00    0.00    0.00  100.00
10:16:11       4    0.00    0.00    2.02    0.00    0.00    0.00    0.00    0.00    0.00   97.98
10:16:11       5    0.00    0.00    0.00    0.00    0.00    0.00    0.00    0.00    0.00  100.00
10:16:11       6    0.00    0.00    0.00    0.00    0.00    0.00    0.00    0.00    0.00  100.00
10:16:11       7    0.00    0.00    0.00    0.00    0.00    0.00    0.00    0.00    0.00  100.00
10:16:11       8    2.02    0.00    2.02    0.00    0.00    0.00    0.00    0.00    0.00   95.96
10:16:11       9    0.00    0.00    0.00    0.00    0.00    0.00    0.00    0.00    0.00  100.00
10:16:11      10    0.00    0.00    1.00    0.00    0.00    0.00    0.00    0.00    0.00   99.00
10:16:11      11    0.00    0.00    0.00    0.00    0.00    0.00    0.00    0.00    0.00  100.00
10:16:11      12    0.00    0.00    0.00    0.00    0.00    0.00    0.00    0.00    0.00  100.00
10:16:11      13    0.00    0.00    0.00    0.00    0.00    0.00    0.00    0.00    0.00  100.00
10:16:11      14    1.00    0.00    0.00    0.00    0.00    0.00    0.00    0.00    0.00   99.00
10:16:11      15    0.00    0.00    0.00    0.00    0.00    0.00    0.00    0.00    0.00  100.00
10:16:11      16    1.00    0.00    0.00    0.00    0.00    0.00    0.00    0.00    0.00   99.00
10:16:11      17    0.00    0.00    0.00    0.00    0.00    0.00    0.00    0.00    0.00  100.00
10:16:11      18    0.00    0.00    0.00    0.00    0.00    0.00    0.00    0.00    0.00  100.00
10:16:11      19    0.00    0.00    0.00    0.00    0.00    0.00    0.00    0.00    0.00  100.00
10:16:11      20    0.00    0.00    0.00    0.00    0.00    0.00    0.00    0.00    0.00  100.00
10:16:11      21    0.00    0.00    0.00    0.00    0.00    0.00    0.00    0.00    0.00  100.00

10:16:11     CPU    %usr   %nice    %sys %iowait    %irq   %soft  %steal  %guest  %gnice   %idle
10:16:12     all    0.05    0.00    0.14    0.23    0.00    0.00    0.00    0.00    0.00   99.59
10:16:12       0    0.00    0.00    0.00    3.96    0.00    0.00    0.00    0.00    0.00   96.04
10:16:12       1    0.00    0.00    0.00    0.00    0.00    0.00    0.00    0.00    0.00  100.00
10:16:12       2    1.00    0.00    0.00    0.00    0.00    0.00    0.00    0.00    0.00   99.00
10:16:12       3    0.00    0.00    0.00    0.00    0.00    0.00    0.00    0.00    0.00  100.00
10:16:12       4    0.00    0.00    0.00    0.00    0.00    0.00    0.00    0.00    0.00  100.00
10:16:12       5    0.00    0.00    0.00    0.00    0.00    0.00    0.00    0.00    0.00  100.00
10:16:12       6    0.00    0.00    0.00    0.00    0.00    0.00    0.00    0.00    0.00  100.00
10:16:12       7    0.00    0.00    0.00    0.00    0.00    0.00    0.00    0.00    0.00  100.00
10:16:12       8    0.00    0.00    1.01    0.00    0.00    0.00    0.00    0.00    0.00   98.99
10:16:12       9    0.00    0.00    0.00    0.00    0.00    0.00    0.00    0.00    0.00  100.00
10:16:12      10    0.00    0.00    0.00    0.00    0.00    0.00    0.00    0.00    0.00  100.00
10:16:12      11    0.00    0.00    1.00    0.00    0.00    0.00    0.00    0.00    0.00   99.00
10:16:12      12    0.00    0.00    1.00    0.00    0.00    0.00    0.00    0.00    0.00   99.00
10:16:12      13    0.00    0.00    0.00    0.00    0.00    0.00    0.00    0.00    0.00  100.00
10:16:12      14    0.00    0.00    0.00    1.00    0.00    0.00    0.00    0.00    0.00   99.00
10:16:12      15    0.00    0.00    0.00    0.00    0.00    0.00    0.00    0.00    0.00  100.00
10:16:12      16    0.00    0.00    0.00    0.00    0.00    0.00    0.00    0.00    0.00  100.00
10:16:12      17    0.00    0.00    0.00    0.00    0.00    0.00    0.00    0.00    0.00  100.00
10:16:12      18    0.00    0.00    0.00    0.00    0.00    0.00    0.00    0.00    0.00  100.00
10:16:12      19    0.00    0.00    0.00    0.00    0.00    0.00    0.00    0.00    0.00  100.00
10:16:12      20    0.00    0.00    0.00    0.00    0.00    0.00    0.00    0.00    0.00  100.00
10:16:12      21    0.00    0.00    0.00    0.00    0.00    0.00    0.00    0.00    0.00  100.00

10:16:12     CPU    %usr   %nice    %sys %iowait    %irq   %soft  %steal  %guest  %gnice   %idle
10:16:13     all    0.09    0.00    0.45    0.00    0.00    0.09    0.00    0.00    0.00   99.36
10:16:13       0    0.00    0.00    0.99    0.00    0.00    0.99    0.00    0.00    0.00   98.02
10:16:13       1    0.00    0.00    0.00    0.00    0.00    0.00    0.00    0.00    0.00  100.00
10:16:13       2    0.00    0.00    0.00    0.00    0.00    0.00    0.00    0.00    0.00  100.00
10:16:13       3    0.00    0.00    0.00    0.00    0.00    0.00    0.00    0.00    0.00  100.00
10:16:13       4    0.00    0.00    0.00    0.00    0.00    0.00    0.00    0.00    0.00  100.00
10:16:13       5    0.00    0.00    0.00    0.00    0.00    0.00    0.00    0.00    0.00  100.00
10:16:13       6    1.00    0.00    0.00    0.00    0.00    0.00    0.00    0.00    0.00   99.00
10:16:13       7    0.00    0.00    0.00    0.00    0.00    0.00    0.00    0.00    0.00  100.00
10:16:13       8    1.00    0.00    2.00    0.00    0.00    0.00    0.00    0.00    0.00   97.00
10:16:13       9    0.00    0.00    0.00    0.00    0.00    0.00    0.00    0.00    0.00  100.00
10:16:13      10    0.00    0.00    0.00    0.00    0.00    0.00    0.00    0.00    0.00  100.00
10:16:13      11    0.00    0.00    1.00    0.00    0.00    0.00    0.00    0.00    0.00   99.00
10:16:13      12    0.00    0.00    0.00    0.00    0.00    0.00    0.00    0.00    0.00  100.00
10:16:13      13    0.00    0.00    0.00    0.00    0.00    0.00    0.00    0.00    0.00  100.00
10:16:13      14    0.00    0.00    0.00    0.00    0.00    0.00    0.00    0.00    0.00  100.00
10:16:13      15    0.00    0.00    0.00    0.00    0.00    0.00    0.00    0.00    0.00  100.00
10:16:13      16    0.00    0.00    1.00    0.00    0.00    0.00    0.00    0.00    0.00   99.00
10:16:13      17    0.00    0.00    3.03    0.00    0.00    0.00    0.00    0.00    0.00   96.97
10:16:13      18    0.00    0.00    2.00    0.00    0.00    0.00    0.00    0.00    0.00   98.00
10:16:13      19    0.00    0.00    0.00    0.00    0.00    0.00    0.00    0.00    0.00  100.00
10:16:13      20    0.00    0.00    0.00    0.00    0.00    0.00    0.00    0.00    0.00  100.00
10:16:13      21    0.00    0.00    0.00    0.00    0.00    0.99    0.00    0.00    0.00   99.01

10:16:13     CPU    %usr   %nice    %sys %iowait    %irq   %soft  %steal  %guest  %gnice   %idle
10:16:14     all    0.09    0.00    0.05    0.00    0.00    0.05    0.00    0.00    0.00   99.82
10:16:14       0    0.00    0.00    0.00^C    0.00    0.00    0.00    0.00    0.00    0.00  100.00
10:16:14       1    0.00    0.00    0.00    0.00    0.00    0.00    0.00    0.00    0.00  100.00
10:16:14       2    0.00    0.00    0.00    0.00    0.00    0.00    0.00    0.00    0.00  100.00
10:16:14       3    0.00    0.00    0.00    0.00    0.00    0.00    0.00    0.00    0.00  100.00
10:16:14       4    0.00    0.00    0.00    0.00    0.00    0.00    0.00    0.00    0.00  100.00
10:16:14       5    0.00    0.00    0.00    0.00    0.00    0.00    0.00    0.00    0.00  100.00
10:16:14       6    0.00    0.00    0.00    0.00    0.00    0.00    0.00    0.00    0.00  100.00
10:16:14       7    0.00    0.00    0.00    0.00    0.00    0.00    0.00    0.00    0.00  100.00
10:16:14       8    1.00    0.00    0.00    0.00    0.00    0.00    0.00    0.00    0.00   99.00
10:16:14       9    0.00    0.00    0.00    0.00    0.00    0.00    0.00    0.00    0.00  100.00
10:16:14      10    0.00    0.00    0.00    0.00    0.00    0.00    0.00    0.00    0.00  100.00
10:16:14      11    0.00    0.00    0.00    0.00    0.00    0.00    0.00    0.00    0.00  100.00
10:16:14      12    0.00    0.00    0.00    0.00    0.00    0.00    0.00    0.00    0.00  100.00
10:16:14      13    0.00    0.00    0.00    0.00    0.00    0.00    0.00    0.00    0.00  100.00
10:16:14      14    0.00    0.00    0.00    0.00    0.00    0.00    0.00    0.00    0.00  100.00
10:16:14      15    0.00    0.00    0.00    0.00    0.00    0.00    0.00    0.00    0.00  100.00
10:16:14      16    0.00    0.00    0.00    0.00    0.00    0.00    0.00    0.00    0.00  100.00
10:16:14      17    0.00    0.00    0.99    0.00    0.00    0.00    0.00    0.00    0.00   99.01
10:16:14      18    0.99    0.00    0.00    0.00    0.00    0.00    0.00    0.00    0.00   99.01
10:16:14      19    0.00    0.00    0.00    0.00    0.00    0.00    0.00    0.00    0.00  100.00
10:16:14      20    0.00    0.00    0.00    0.00    0.00    0.00    0.00    0.00    0.00  100.00
10:16:14      21    0.00    0.00    0.00    0.00    0.00    0.99    0.00    0.00    0.00   99.01

Average:     CPU    %usr   %nice    %sys %iowait    %irq   %soft  %steal  %guest  %gnice   %idle
Average:     all    0.10    0.00    0.22    0.06    0.00    0.05    0.00    0.00    0.00   99.58
Average:       0    0.00    0.00    0.25    1.00    0.00    0.25    0.00    0.00    0.00   98.50
Average:       1    0.00    0.00    0.00    0.00    0.00    0.25    0.00    0.00    0.00   99.75
Average:       2    0.25    0.00    0.00    0.00    0.00    0.00    0.00    0.00    0.00   99.75
Average:       3    0.00    0.00    0.00    0.00    0.00    0.00    0.00    0.00    0.00  100.00
Average:       4    0.00    0.00    0.50    0.00    0.00    0.00    0.00    0.00    0.00   99.50
Average:       5    0.00    0.00    0.00    0.00    0.00    0.00    0.00    0.00    0.00  100.00
Average:       6    0.25    0.00    0.00    0.00    0.00    0.00    0.00    0.00    0.00   99.75
Average:       7    0.00    0.00    0.00    0.00    0.00    0.00    0.00    0.00    0.00  100.00
Average:       8    1.01    0.00    1.26    0.00    0.00    0.00    0.00    0.00    0.00   97.74
Average:       9    0.00    0.00    0.00    0.00    0.00    0.00    0.00    0.00    0.00  100.00
Average:      10    0.00    0.00    0.25    0.00    0.00    0.00    0.00    0.00    0.00   99.75
Average:      11    0.00    0.00    0.50    0.00    0.00    0.00    0.00    0.00    0.00   99.50
Average:      12    0.00    0.00    0.25    0.00    0.00    0.00    0.00    0.00    0.00   99.75
Average:      13    0.00    0.00    0.00    0.00    0.00    0.00    0.00    0.00    0.00  100.00
Average:      14    0.25    0.00    0.00    0.25    0.00    0.00    0.00    0.00    0.00   99.50
Average:      15    0.00    0.00    0.00    0.00    0.00    0.00    0.00    0.00    0.00  100.00
Average:      16    0.25    0.00    0.25    0.00    0.00    0.00    0.00    0.00    0.00   99.50
Average:      17    0.00    0.00    1.00    0.00    0.00    0.00    0.00    0.00    0.00   99.00
Average:      18    0.25    0.00    0.50    0.00    0.00    0.00    0.00    0.00    0.00   99.25
Average:      19    0.00    0.00    0.00    0.00    0.00    0.00    0.00    0.00    0.00  100.00
Average:      20    0.00    0.00    0.00    0.00    0.00    0.00    0.00    0.00    0.00  100.00
Average:      21    0.00    0.00    0.00    0.00    0.00    0.50    0.00    0.00    0.00   99.50
