Linux 6.18.33.2-microsoft-standard-WSL2 (LAPTOP-KI0GT6AJ) 	09/16/26 	_x86_64_	(22 CPU)

10:16:24        IFACE   rxpck/s   txpck/s    rxkB/s    txkB/s   rxcmp/s   txcmp/s  rxmcst/s   %ifutil
10:16:25           lo      0.00      0.00      0.00      0.00      0.00      0.00      0.00      0.00
10:16:25         eth0      0.00      0.00      0.00      0.00      0.00      0.00      0.00      0.00
10:16:25         eth1      0.00      0.00      0.00      0.00      0.00      0.00      0.00      0.00
10:16:25         eth2      0.00      0.00      0.00      0.00      0.00      0.00      0.00      0.00
10:16:25         eth3      0.00      0.00      0.00      0.00      0.00      0.00      0.00      0.00
10:16:25         eth4      0.00      0.00      0.00      0.00      0.00      0.00      0.00      0.00
10:16:25    loopback0     25.00     25.00      4.51      3.01      0.00      0.00      0.00      0.00
10:16:25         eth5      0.00      0.00      0.00      0.00      0.00      0.00      0.00      0.00
10:16:25    br-03e5d7e08e05      0.00      0.00      0.00      0.00      0.00      0.00      0.00      0.00
10:16:25    br-3ed5cb1d716b      0.00      0.00      0.00      0.00      0.00      0.00      0.00      0.00
10:16:25    br-4a9d80dd1598      0.00      0.00      0.00      0.00      0.00      0.00      0.00      0.00
10:16:25    br-617cd865c426      0.00      0.00      0.00      0.00      0.00      0.00      0.00      0.00
10:16:25      docker0      0.00      0.00      0.00      0.00      0.00      0.00      0.00      0.00
10:16:25    br-f7a9584354b5      0.00      0.00      0.00      0.00      0.00      0.00      0.00      0.00
10:16:25    br-2f1b23913019      0.00      0.00      0.00      0.00      0.00      0.00      0.00      0.00
10:16:25    br-902a7c167251      0.00      0.00      0.00      0.00      0.00      0.00      0.00      0.00
10:16:25    br-9b2a6e7a55b3      0.00      0.00      0.00      0.00      0.00      0.00      0.00      0.00
10:16:25    br-ae9f95032068      0.00      0.00      0.00      0.00      0.00      0.00      0.00      0.00
10:16:25    br-e153f5e1d143      0.00      0.00      0.00      0.00      0.00      0.00      0.00      0.00

10:16:25        IFACE   rxpck/s   txpck/s    rxkB/s    txkB/s   rxcmp/s   txcmp/s  rxmcst/s   %ifutil
10:16:26           lo      0.00      0.00      0.00      0.00      0.00      0.00      0.00      0.00
10:16:26         eth0      0.00      0.00      0.00      0.00      0.00      0.00      0.00      0.00
10:16:26         eth1      0.00      0.00      0.00      0.00      0.00      0.00      0.00      0.00
10:16:26         eth2      0.00      0.00      0.00      0.00      0.00      0.00      0.00      0.00
10:16:26         eth3      0.00      0.00      0.00      0.00      0.00      0.00      0.00      0.00
10:16:26         eth4      0.00      0.00      0.00      0.00      0.00      0.00      0.00      0.00
10:16:26    loopback0     89.00     19.00      7.07    113.63      0.00      0.00      0.00      0.01
10:16:26         eth5      0.00      0.00      0.00      0.00      0.00      0.00      0.00      0.00
10:16:26    br-03e5d7e08e05      0.00      0.00      0.00      0.00      0.00      0.00      0.00      0.00
10:16:26    br-3ed5cb1d716b      0.00      0.00      0.00      0.00      0.00      0.00      0.00      0.00
10:16:26    br-4a9d80dd1598      0.00      0.00      0.00      0.00      0.00      0.00      0.00      0.00
10:16:26    br-617cd865c426      0.00      0.00      0.00      0.00      0.00      0.00      0.00      0.00
10:16:26      docker0      0.00      0.00      0.00      0.00      0.00      0.00      0.00      0.00
10:16:26    br-f7a9584354b5      0.00      0.00      0.00      0.00      0.00      0.00      0.00      0.00
10:16:26    br-2f1b23913019      0.00      0.00      0.00      0.00      0.00      0.00      0.00      0.00
10:16:26    br-902a7c167251      0.00      0.00      0.00      0.00      0.00      0.00      0.00      0.00
10:16:26    br-9b2a6e7a55b3      0.00      0.00      0.00      0.00      0.00      0.00      0.00      0.00
10:16:26    br-ae9f95032068      0.00      0.00      0.00      0.00      0.00      0.00      0.00      0.00
10:16:26    br-e153f5e1d143      0.00      0.00      0.00      0.00      0.00      0.00      0.00      0.00

10:16:26        IFACE   rxpck/s   txpck/s    rxkB/s    txkB/s   rxcmp/s   txcmp/s  rxmcst/s   %ifutil
10:16:27           lo      0.00      0.00      0.00      0.00      0.00      0.00      0.00      0.00
10:16:27         eth0      0.00      0.00      0.00      0.00      0.00      0.00      0.00      0.00
10:16:27         eth1      0.00      0.00      0.00      0.00      0.00      0.00      0.00      0.00
10:16:27         eth2      0.00      0.00      0.00      0.00      0.00      0.00      0.00      0.00
10:16:27         eth3      0.00      0.00      0.00      0.00      0.00      0.00      0.00      0.00
10:16:27         eth4      0.00      0.00      0.00      0.00      0.00      0.00      0.00      0.00
10:16:27    loopback0     42.00     31.00     24.42      6.62      0.00      0.00      0.00      0.00
10:16:27         eth5      0.00      0.00      0.00      0.00      0.00      0.00      0.00      0.00
10:16:27    br-03e5d7e08e05      0.00      0.00      0.00      0.00      0.00      0.00      0.00      0.00
10:16:27    br-3ed5cb1d716b      0.00      0.00      0.00      0.00      0.00      0.00      0.00      0.00
10:16:27    br-4a9d80dd1598      0.00      0.00      0.00      0.00      0.00      0.00      0.00      0.00
10:16:27    br-617cd865c426      0.00      0.00      0.00      0.00      0.00      0.00      0.00      0.00
10:16:27      docker0      0.00      0.00      0.00      0.00      0.00      0.00      0.00      0.00
10:16:27    br-f7a9584354b5      0.00      0.00      0.00      0.00      0.00      0.00      0.00      0.00
10:16:27    br-2f1b23913019      0.00      0.00      0.00      0.00      0.00      0.00      0.00      0.00
10:16:27    br-902a7c167251      0.00      0.00      0.00      0.00      0.00      0.00      0.00      0.00
10:16:27    br-9b2a6e7a55b3      0.00      0.00      0.00      0.00      0.00      0.00      0.00      0.00
10:16:27    br-ae9f95032068      0.00      0.00      0.00      0.00      0.00      0.00      0.00      0.00
10:16:27    br-e153f5e1d143      0.00      0.00      0.00      0.00      0.00      0.00      0.00      0.00

10:16:27        IFACE   rxpck/s   txpck/s    rxkB/s    txkB/s   rxcmp/s   txcmp/s  rxmcst/s   %ifutil
10:16:28           lo      0.00      0.00      0.00      0.00      0.00      0.00      0.00      0.00
10:16:28         eth0      0.00      0.00      0.00      0.00      0.00      0.00      0.00      0.00
10:16:28         eth1      0.00      0.00      0.00      0.00      0.00      0.00      0.00      0.00
10:16:28         eth2      0.00      0.00      0.00      0.00      0.00      0.00      0.00      0.00
10:16:28         eth3      0.00      0.00      0.00      0.00      0.00      0.00      0.00      0.00
10:16:28         eth4      0.00      0.00      0.00      0.00      0.00      0.00      0.00      0.00
10:16:28    loopback0     23.00     22.00      4.88      4.81      0.00      0.00      0.00      0.00
10:16:28         eth5      0.00      0.00      0.00^C

 br-03e5d7e08e05      0.00      0.00      0.00      0.00      0.00      0.00      0.00      0.00
10:16:28    br-3ed5cb1d716b      0.00      0.00      0.00      0.00      0.00      0.00      0.00      0.00
10:16:28    br-4a9d80dd1598      0.00      0.00      0.00      0.00      0.00      0.00      0.00      0.00
10:16:28    br-617cd865c426      0.00      0.00      0.00      0.00      0.00      0.00      0.00      0.00
10:16:28      docker0      0.00      0.00      0.00      0.00      0.00      0.00      0.00      0.00
10:16:28    br-f7a9584354b5      0.00      0.00      0.00      0.00      0.00      0.00      0.00      0.00
10:16:28    br-2f1b23913019      0.00      0.00      0.00      0.00      0.00      0.00      0.00      0.00
10:16:28    br-902a7c167251      0.00      0.00      0.00      0.00      0.00      0.00      0.00      0.00
10:16:28    br-9b2a6e7a55b3      0.00      0.00      0.00      0.00      0.00      0.00      0.00      0.00
10:16:28    br-ae9f95032068      0.00      0.00      0.00      0.00      0.00      0.00      0.00      0.00
10:16:28    br-e153f5e1d143      0.00      0.00      0.00      0.00      0.00      0.00      0.00      0.00

Average:        IFACE   rxpck/s   txpck/s    rxkB/s    txkB/s   rxcmp/s   txcmp/s  rxmcst/s   %ifutil
Average:           lo      0.00      0.00      0.00      0.00      0.00      0.00      0.00      0.00
Average:         eth0      0.00      0.00      0.00      0.00      0.00      0.00      0.00      0.00
Average:         eth1      0.00      0.00      0.00      0.00      0.00      0.00      0.00      0.00
Average:         eth2      0.00      0.00      0.00      0.00      0.00      0.00      0.00      0.00
Average:         eth3      0.00      0.00      0.00      0.00      0.00      0.00      0.00      0.00
Average:         eth4      0.00      0.00      0.00      0.00      0.00      0.00      0.00      0.00
Average:    loopback0     44.75     24.25     10.22     32.02      0.00      0.00      0.00      0.00
Average:         eth5      0.00      0.00      0.00      0.00      0.00      0.00      0.00      0.00
Average:    br-03e5d7e08e05      0.00      0.00      0.00      0.00      0.00      0.00      0.00      0.00
Average:    br-3ed5cb1d716b      0.00      0.00      0.00      0.00      0.00      0.00      0.00      0.00
Average:    br-4a9d80dd1598      0.00      0.00      0.00      0.00      0.00      0.00      0.00      0.00
Average:    br-617cd865c426      0.00      0.00      0.00      0.00      0.00      0.00      0.00      0.00
Average:      docker0      0.00      0.00      0.00      0.00      0.00      0.00      0.00      0.00
Average:    br-f7a9584354b5      0.00      0.00      0.00      0.00      0.00      0.00      0.00      0.00
Average:    br-2f1b23913019      0.00      0.00      0.00      0.00      0.00      0.00      0.00      0.00
Average:    br-902a7c167251      0.00      0.00      0.00      0.00      0.00      0.00      0.00      0.00
Average:    br-9b2a6e7a55b3      0.00      0.00      0.00      0.00      0.00      0.00      0.00      0.00
Average:    br-ae9f95032068      0.00      0.00      0.00      0.00      0.00      0.00      0.00      0.00
Average:    br-e153f5e1d143      0.00      0.00      0.00      0.00      0.00      0.00      0.00      0.00
