                    CPU0       CPU1       CPU2       CPU3       CPU4       CPU5       CPU6       CPU7       CPU8       CPU9       CPU10      CPU11      CPU12      CPU13      CPU14      CPU15      CPU16      CPU17      CPU18      CPU19      CPU20      CPU21      
          HI:          0          0          0          0          0          0          0          0          0          0          0          0          0          0          0          0          0          0          0          0          0          0
       TIMER:       7291       6000       8769       5446       8826       4317       8278       2930       6555       4010       8064       3277       6318       4351       6531       3691       5246       4673       4829       4355       4868       4684
      NET_TX:          1          0          0          0          0          5          0          0          0          1          0          0          0          0          0          5          0          1          1          0          0          1
      NET_RX:       7243       3396       9019       1673       9987      12232       5292       7133      12615       9102       1705       3525       1569       2845        124         25         97         10         33         28        525       3087
       BLOCK:          0          0          0          0          0          0          0          0          0          0          0          0          0          0          0          0          0          0          0          0          0          0
    IRQ_POLL:          0          0          0          0          0          0          0          0          0          0          0          0          0          0          0          0          0          0          0          0          0          0
     TASKLET:     121319       4867       6984       2234       4201       1341          1        177        508         13          7        320        162          0          0          0          0          0          0          0          0        175
       SCHED:      61934      17009      36084      18374      35632      14759      35045      13065      28896      14919      35368      10510      28045      14134      28823      16807      23688      14191      18734      15123      23086      18954
     HRTIMER:          0          0          0          0          0          0          0          0          0          0          0          0          0          0          0          0          0          0          0          0          0          0
         RCU:      26748       6160      19345       9592      19113       9129      18648       9675      15755       9893      18528       6361      15802       8556      17206      10149      15205       7694      14301       9505      15284      10158
