                    CPU0       CPU1       CPU2       CPU3       CPU4       CPU5       CPU6       CPU7       CPU8       CPU9       CPU10      CPU11      CPU12      CPU13      CPU14      CPU15      CPU16      CPU17      CPU18      CPU19      CPU20      CPU21      
          HI:          0          0          0          0          0          0          0          0          0          0          0          0          0          0          0          0          0          0          0          0          0          0
       TIMER:       7281       5993       8745       5425       8802       4310       8262       2926       6512       4002       7990       3276       6313       4347       6502       3683       5235       4669       4797       4355       4857       4680
      NET_TX:          1          0          0          0          0          5          0          0          0          1          0          0          0          0          0          5          0          1          1          0          0          1
      NET_RX:       7240       3393       9012       1669       9898      12097       5278       7120      12561       9020       1694       3521       1560       2843        124         25         97         10         33         28        523       3072
       BLOCK:          0          0          0          0          0          0          0          0          0          0          0          0          0          0          0          0          0          0          0          0          0          0
    IRQ_POLL:          0          0          0          0          0          0          0          0          0          0          0          0          0          0          0          0          0          0          0          0          0          0
     TASKLET:     121250       4867       6984       2234       4200       1303          1        177        503         13          7        320        162          0          0          0          0          0          0          0          0        175
       SCHED:      61766      16971      35963      18352      35497      14708      34955      13033      28682      14902      35209      10510      27969      14110      28702      16790      23644      14153      18605      15123      23065      18923
     HRTIMER:          0          0          0          0          0          0          0          0          0          0          0          0          0          0          0          0          0          0          0          0          0          0
         RCU:      26691       6137      19280       9583      19032       9089      18599       9653      15631       9884      18450       6360      15747       8534      17141      10141      15167       7666      14224       9505      15266      10128
